size,random,reversed,shuffled
1,1.596003130543977e-06,9.659997886046767e-07,9.619994671083988e-07
21,2.008219889830798e-05,3.345020086271688e-05,1.4382001245394349e-05
41,7.972799940034748e-05,0.00011495179933262989,5.0258000555913895e-05
61,0.00018202000064775347,0.00023637999984202907,7.485199894290418e-05
81,0.0002651359987794422,0.00036095000250497834,0.00018862599972635508
101,0.010711679201631342,0.0006230461993254721,0.000305597999249585
121,0.0005280860001221299,0.0009156937987427228,0.00029144780128262935
141,0.0008134760006214492,0.0012540019990410656,0.00038784600037615745
161,0.001112985797226429,0.0016269796018605121,0.011346085199329536
181,0.0015551977994618937,0.0020776400007889604,0.0005302197998389602
201,0.016018856600567233,0.002562877799209673,0.0009180426015518606
221,0.017203376801626293,0.0030657578026875854,0.016667268601304387
241,0.002530425597797148,0.018493314599618317,0.0013145324017386883
261,0.019662636399152687,0.01960659640026279,0.0017759880021912978
281,0.020851612600381486,0.01720186459860997,0.0013566498004365713
301,0.016896994800481478,0.0063719914003741,0.0038903376000234855
321,0.01503982700087363,0.01563876880099997,0.004545615598908625
341,0.005277855599706527,0.01652700080012437,0.01155209700082196
361,0.006703351601026952,0.02024601039593108,0.0035801916019408964
381,0.01885496259928914,0.014650554799300154,0.0031730218019220048
401,0.020734442400862464,0.02015344640094554,0.011805826998897827
421,0.011028815202007537,0.018507248599780722,0.01954823059932096
441,0.020767856399470475,0.02242557840218069,0.01211331320228055
461,0.020580426401284057,0.023338516199146397,0.01422978479968151
481,0.04123216680018231,0.025216711999382822,0.017712928798573557
501,0.023499574000015854,0.036221909198502544,0.015850108800805174
521,0.025948682001035193,0.03485316920123296,0.004494843597058207
541,0.03125281760003418,0.032053353602532295,0.017064528798800892
561,0.03074962359969504,0.04013327499997103,0.007313495600828901
581,0.03336089739896124,0.04273540259891888,0.02844080579961883
601,0.03139905779826222,0.041137534800509454,0.018050258597941137
621,0.03877478080248693,0.044638532600947654,0.021303926399559713
641,0.040708962801727464,0.0621931552013848,0.02914283379795961
661,0.04067685259942664,0.06614243680087384,0.016456598803051746
681,0.0436451325964299,0.059496043401304634,0.01790095060277963
701,0.04304451479983982,0.07205124640022405,0.0210356381998281
721,0.04443113059969619,0.0668843088002177,0.04973158600187162
741,0.04520122440007981,0.07608171999891056,0.024772608200146352
761,0.048813220199372155,0.07839275959995576,0.023869206199015024
781,0.07258586039970397,0.08561319499858655,0.037331514999095816
801,0.0588310134029598,0.07960402179887752,0.03614352120057447
821,0.06734091480029747,0.09251577280083438,0.039812178602733186
841,0.06351442100130952,0.09544770660140785,0.02587323759944411
861,0.0744667560007656,0.09907536640239414,0.023382260199286974
881,0.08354314140015048,0.10007381640170934,0.01293558280012803
901,0.06827407860109816,0.11359285700018518,0.021023470400541554
921,0.09620536240108776,0.10552460979961324,0.03709160519792931
941,0.08206283160106978,0.1242945581994718,0.03716751119791297
961,0.10257043399906252,0.13395355560060124,0.06197803919931175
981,0.09082229920022655,0.13312296159856488,0.0749564702011412
1001,0.10252665400039404,0.13611446740105748,0.061897233199852054
1021,0.1191862345993286,0.13830754719965627,0.02621490220335545
1041,0.11412046319892397,0.15754385580221425,0.0597273913997924
1061,0.10419893380167196,0.15781044779869263,0.04656698260223493
1081,0.13462792960199294,0.1442922287998954,0.041551784799958115
1101,0.13116753980139037,0.1592877696006326,0.04260878259956371
1121,0.12284631019865629,0.15759548179921695,0.04075076279841596
1141,0.12137371260032523,0.16090495560201817,0.078728777798824
1161,0.13363371960149378,0.1668043409998063,0.03475449339894112
1181,0.16106382139987546,0.17672164019895717,0.061351187199761625
1201,0.14261072100052843,0.16186158760247055,0.08286508460005279
1221,0.13206958359805868,0.20399825019703713,0.09699915859964676
1241,0.14270929479826008,0.22113720699999248,0.09890598039783072
1261,0.17507247440080392,0.20577196999947772,0.059137327401549554
1281,0.17496406639984344,0.1886666812017211,0.11537252300040564
1301,0.1830121578008402,0.29265699140087237,0.0878882753997459
1321,0.16892560080013935,0.23547092560038435,0.11840739840117749
1341,0.165830896999978,0.2407128692007973,0.09397355260007316
1361,0.17922307800035925,0.2422245952009689,0.1361773093987722
1381,0.1984018968025339,0.24773057099955623,0.05652035100065404
1401,0.21551693659857846,0.24623518679873085,0.05529149340000004
1421,0.18082288800360402,0.22659439440030837,0.07012391460011713
1441,0.20287746020185296,0.26217875959846426,0.09574993059941335
1461,0.20368684839922935,0.3015662966005038,0.13417177960072876
1481,0.22434147640014998,0.28304081199894426,0.15234311800159048
1501,0.22139887680095854,0.301947050599847,0.10389600999915274
1521,0.2510699908001698,0.3053515623993007,0.09645967840042431
1541,0.22914709839969874,0.3290347958012717,0.061382318800315264
1561,0.2444991491996916,0.33460495020117376,0.162633181399724
1581,0.2876229576009791,0.3323519402008969,0.1200339488015743
1601,0.2570820120003191,0.3252380386009463,0.13937194919853937
1621,0.2749779165998916,0.3426415371985058,0.1586911416001385
1641,0.2766336788001354,0.34195744340104284,0.16076488960097776
1661,0.2604702378012007,0.36271749339939563,0.15970656179852086
1681,0.2817870660001063,0.3789811766007915,0.15677043580071767
1701,0.25836954820115354,0.33943446339981165,0.158954713800631
1721,0.2621496676001698,0.3770682448026491,0.22139454480202403
1741,0.30301951239816843,0.39914199899794767,0.23575316760106943
1761,0.30598067220125813,0.39959908700111557,0.2394539373999578
1781,0.32002050299925033,0.43804057579982325,0.09618536659836537
1801,0.3265559426028631,0.44114722160156816,0.19994957439921562
1821,0.34010030959907456,0.4398417178003001,0.24384949499944925
1841,0.32350167719851014,0.5155901941994671,0.10501054400228896
1861,0.3552597343994421,0.460701002200949,0.14361942099931185
1881,0.3122290557992528,0.4230661152003449,0.12194412800017744
1901,0.3731970969980466,0.46177472819836113,0.12626858220173745
1921,0.3822827682015486,0.5119597304015769,0.26461688779963877
1941,0.3830674242009991,0.5115101282004616,0.20775469220097875
1961,0.3451792550025857,0.47559969919821016,0.1851702556014061
1981,0.3653963096003281,0.5405135679990053,0.33649906600185203
2001,0.4171679016013513,0.5531996469973819,0.28633526579942553
2021,0.4283172645999002,0.5552915528023732,0.14552706459799084
2041,0.4355236702016555,0.5567778008000459,0.22281559460097924
2061,0.4378967897995608,0.6057346350004081,0.23432088580011623
2081,0.43665132619789804,0.5852508804004174,0.12319346660078737
2101,0.47120726940047464,0.6183941040013451,0.3140439372000401
2121,0.4789293188005104,0.6710641357989516,0.2164728432006086
2141,0.501110506997793,0.6858203927986324,0.23645914180087857
2161,0.5435995740001089,0.8312405611985014,0.37013269520102765
2181,0.5374714022007538,0.9718124986015028,0.18433202779851854
2201,0.5162685119983508,0.7234955578009249,0.22966348800255218
2221,0.5320574427998508,0.6816696711990516,0.2985707587999059
2241,0.535381570601021,0.7213785499989172,0.24012250920059158
2261,0.4577849943976616,0.7372556749993237,0.19775479859963524
2281,0.5413922019986785,0.6786091332003708,0.3246714268010692
2301,0.48287111840036234,0.7334837050002534,0.3415791631981847
2321,0.5199581513981684,0.657515082800819,0.36800546940066853
2341,0.5565749307977967,0.7607594488014001,0.2928955312003382
2361,0.5228071953970357,0.7428386822008178,0.1554689540003892
2381,0.5783413231969462,0.7863053568013129,0.17446534259943292
2401,0.5622551184002077,0.7355905267992057,0.2616114795993781
2421,0.5655102198012173,0.8021747197984951,0.3526226243993733
2441,0.5812753222009632,0.8639668168005301,0.43862153399823
2461,0.6203248357996927,0.8589304847992025,0.17816096199821913
2481,0.6636373803994502,0.8603614031992037,0.3573342141971807
2501,0.6143255838018377,0.8815963235989329,0.5162541942001553
2521,0.6808332792017608,0.8645085967989872,0.363476297800662
2541,0.8020468838018132,0.9140455426007975,0.30424023639643566
2561,0.7177753762007342,0.9356533274025424,0.434794929799682
2581,0.6993703013999039,0.9129585403978127,0.5512629549994017
2601,0.7458251355972607,0.9326647947964375,0.43754534979962045
2621,0.6286853768004221,0.934766058799869,0.2988606026003254
2641,0.6757024752005236,0.9634072485991055,0.2555397019983502
2661,0.7038279348009382,0.9251556096001877,0.4106937160016969
2681,0.7201801936040283,0.9656704605993582,0.37472985459753544
2701,0.7193982234006399,1.0013841656007572,0.42602701659779996
2721,0.725823659200978,0.9579543468003976,0.5166718417982338
2741,0.783664944600605,0.9783927694006707,0.3609263598002144
2761,0.7167074657991179,1.0203256742010125,0.28696996360231425
2781,0.7752879951993237,1.0625332230018103,0.3965116850013146
2801,0.7622997282014694,1.0751125934009906,0.3273219259994221
2821,0.7996814193989848,1.060324242999195,0.5483383183993282
2841,0.8255883931997232,1.1158442521991674,0.3595734078015084
2861,0.744901365802798,1.1392289765979513,0.41702283939812335
2881,0.823487015599676,1.1748656260009738,0.579274508600065
2901,0.8209286937984871,1.2067015613996772,0.36870718899881466
2921,0.8797842852014582,1.2005364679993362,0.5874078139997436
2941,0.9501325735982391,1.1045705056007136,0.356689064000966
2961,0.8817682804001379,1.279516904000775,0.522512681200169
2981,0.877266659399902,1.2799330698006088,0.48769670160108947
3001,0.9258333254023455,1.4362185417994624,0.5906522397999652
3021,0.9693129360006424,1.2838552293993417,0.1972582785980194
3041,0.942279770199093,1.2787423920002765,0.4583378339986666
3061,1.0028219715997693,1.3741419964004309,0.6391908780002268
3081,0.9806458815990482,1.2966853703997914,0.628816338798788
3101,1.0519900035986212,1.3210755945998245,0.36172586360189596
3121,0.9985112098001991,1.3262108645998523,0.5500889869974344
3141,1.0392726790014422,1.3465998665997176,0.6632300621989998
3161,1.041715448400646,1.4394081416001427,0.5213224870007253
3181,1.1624916512009804,1.4414219610014698,0.5148780760006048
3201,1.097001914001885,1.4634185071990942,0.7601263525997638
3221,1.4811735461989883,1.5221847847977188,0.521863172801386
3241,1.1192561163989012,1.4909698251998633,0.24984317820053548
3261,1.061532430999796,1.5684277632011798,0.5169105138018495
3281,1.237112339201849,1.5161965414008591,0.48409938260010676
3301,1.1049842894004542,1.5586173959993175,0.4555180982002639
3321,1.296781004598597,1.928978925201227,0.441840785399836
3341,1.2649588812011643,1.6881184418001793,1.2356704873993294
3361,2.1584001866009204,1.9459531598011381,0.2940857270004926
3381,1.2975590846006526,1.6353915779996897,0.5100244539993583
3401,1.318197118799435,1.6807380924001336,0.8344462388005922
3421,1.2987465343991063,2.257242427399615,0.46213085779891117
3441,2.3005009319982492,2.43995410099742,0.781742882799881
3461,1.254833808199328,1.64992045500112,0.9689561142018647
3481,1.3713726048008539,1.729597008600831,0.7223595633986406
3501,1.2624144651999814,1.6930151773995021,1.099125321803149
3521,1.3250958822012762,1.8414644359989325,0.4732487327972194
3541,1.8859989201984717,1.9824578532017767,0.8350919766016887
3561,1.256941285598441,1.7401106897988938,0.963157230601064
3581,1.3196615347987972,1.7787873445980948,0.9586869266000576
3601,1.4158934795996174,1.8678324509994126,0.9763804678004817
3621,1.3977796285995283,1.7613135699997655,0.8537400272005471
3641,1.30682991380163,1.9507307772015339,0.6869306601991412
3661,1.3746310584028834,1.8602662520002924,0.817364006198477
3681,1.3811442159989382,2.120194015999732,0.8996967073981068
3701,1.5434178153984248,2.0347362004002205,0.7446334038017085
3721,1.5768742708009085,2.3585758530010934,0.8194293235996156
3741,1.4963132207994931,2.392506456798583,0.47400941499945476
3761,1.6341634402007912,2.1288769553997553,0.3643003173972829
3781,1.5440182411985006,1.8995620595989748,0.3253774823984713
3801,1.4563402960004168,1.8844009386011749,0.7332996386001469
3821,1.4461671869998098,1.9773438751974026,0.6427771735994611
3841,1.5444694152000011,2.2296043252019446,1.0847748712010798
3861,1.6169525379969856,2.0611913600019762,1.0582858538007713
3881,1.5614010969991796,2.1229374090020428,0.976054122998903
3901,1.5625557547988138,2.092083935599658,0.778063863600255
3921,1.6117407685960643,2.1934288487987943,1.0403493731981144
3941,1.5995379893996868,2.0201144617996762,0.9452048773979186
3961,1.5552282134027338,2.1232795489995624,0.761809188600455
3981,1.6251029075981933,2.1966580985987094,0.7443858165992424
4001,1.523629794002045,2.1095552579994545,0.7391730029994505
4021,1.6606910741975298,2.2659248607975315,1.2143427663992044
4041,1.8040492303989595,2.3031228335996277,1.0349222075994475
4061,1.7795435943990014,2.4350664600002347,0.9846728104006616
4081,1.7969893487985247,2.5592321517993697,1.1968829980003648
4101,1.836819297198963,2.366973132001294,1.1936095842000214
4121,1.7609659157984425,2.369107925600838,0.8912737339996966
4141,1.8635764867984108,2.379499503201805,0.9195210215999395
4161,1.8179456087978907,2.4406221914017805,0.7392883609994897
4181,1.8122215918003348,2.401204418799898,0.8233384717997978
4201,1.7983065446009276,2.4665543676004744,0.6703605747999972
4221,1.8424804189999122,2.607998605001194,0.9076945407985477
4241,1.7623909894013194,2.3574251409983846,1.241334094198828
4261,1.800567008400685,2.3628147103983794,0.5526854347990593
4281,1.7467985729992506,2.396407365400228,1.3982000048010377
4301,1.877441915801319,2.5070380022007157,0.4366321608002181
4321,1.911430465002195,2.501176845000009,1.412867997599824
4341,1.9466995677968952,2.6195976526010782,1.0652833452011692
4361,1.9325421253990498,2.519223927198618,0.543542769800115
4381,1.8276436659987667,2.593040816798748,1.1384399328002472
4401,2.0264351069985422,2.680318263200752,0.9756376205987181
4421,2.102724944597867,2.754713922800147,1.1974503837991506
4441,2.0418570157999056,2.627558525999484,1.2755694234001567
4461,1.9593302647976087,2.6168461286011735,0.4460015479984577
4481,1.9564971569983753,2.703023861401016,0.8449150120010017
4501,1.982305016797909,2.597677886200836,1.580056271000649
4521,2.0631390580019797,2.8229763023991836,0.9192643533984665
4541,2.252503523600171,2.7244757198030127,0.8731256814004155
4561,2.0233988569976646,2.6976960031999626,1.4016786283973488
4581,2.0232425807989785,2.718552324200573,1.2790495187990019
4601,2.138315513600537,2.801083131201449,1.236324932599382
4621,2.1410116074010146,3.042907652600843,0.8712734799992177
4641,2.2789119617998947,2.9874328416000937,1.2147083119969466
4661,2.12264846439939,2.9132777482023813,0.9792321508008172
4681,2.1970870101999025,2.7273929889997817,0.8793591665991698
4701,2.06015161700052,2.8172139050002443,1.4383880084002159
4721,2.1604951633984455,2.9573483644009686,1.038891941998736
4741,2.361942531600653,3.0461979473984684,1.5006282734000707
4761,2.347161116798816,3.143157820000488,1.1842313064014889
4781,2.3883067417991697,3.119340077601373,1.1732880492010735
4801,2.258468443399761,3.0888380277974647,1.6603846487996634
4821,2.4199747685997863,3.3355004063996603,1.633397351000167
4841,2.322781936400861,3.0574460663992795,1.7605943105983897
4861,2.5395031092004503,3.159948860399891,1.332227990598767
4881,2.4439005107982665,3.3387153543997554,1.6215519616001983
4901,2.374851632201171,3.266093784000259,1.6575027271988803
4921,2.556431611998414,3.3270822969992877,1.8584198249998736
4941,2.4948513785988324,3.4620375886006514,1.3347989247995429
4961,2.5643638695997653,3.3232258835996618,1.2141841717981152
4981,2.575958284200169,3.3998482613998933,1.0217483853994054
5001,2.3437080291987513,3.4216623216008886,1.1996728672020254