size,random,reversed,shuffled
1,3.2738000300014393e-06,1.6400001186411827e-06,1.612000232853461e-06
21,2.773400010482874e-05,2.3922000036691315e-05,3.404199997021351e-05
41,4.603620000125375e-05,4.8797799900057724e-05,3.8272400342975746e-05
61,7.92542001363472e-05,8.271200003946433e-05,6.549420031660702e-05
81,0.000103118200058816,0.0003613158000007388,0.001407997800015437
101,0.00038673400013067294,0.0018553279995103366,0.00010112399995705345
121,0.009632550599962996,0.0002213377998486976,0.00011888599983649329
141,0.00021060399994894398,0.010614776599868491,0.0010791618000439485
161,0.0022882137996930395,0.0061905111997475615,0.00015912399994704173
181,0.007412994999867806,0.007204558999910659,0.0036614796001231296
201,0.01726214579994121,0.022148121000282118,0.0002138439998816466
221,0.057773784200253434,0.013522946200100704,0.0002345920000152546
241,0.012212860199906573,0.01961060739977256,0.008896022799854108
261,0.01300647240022954,0.019041821399878246,0.003205977600009646
281,0.0384808928001803,0.030692420000013952,0.006247929200071667
301,0.018814929600193864,0.029677016000096045,0.004857131600329012
321,0.017524379799760938,0.025606120399970678,0.003215081599955738
341,0.009493300599933719,0.014614671999879647,0.004974543399839604
361,0.011796950399730121,0.009718406600040908,0.00043142399972566635
381,0.002421327800038853,0.002529761799996777,0.0005618240000330843
401,0.0019311181999000838,0.0072459387998605965,0.005240197400416946
421,0.01867279940015578,0.0348081734004154,0.00653049659995304
441,0.041565808199811725,0.05464188059995649,0.0006191360000229907
461,0.013668742600020777,0.05128495099997963,0.0048825014002432
481,0.050117055199916646,0.0661653428000136,0.01930305740024778
501,0.048878801000137174,0.08661486000000877,0.023566554999888467
521,0.08765624220013706,0.04957706320001307,0.005489253199993982
541,0.05848338599989802,0.1563722549997692,0.03443142940013786
561,0.05407933860005869,0.06369510139993509,0.01152449439978227
581,0.06144778359976044,0.06393234099996334,0.018458865399952628
601,0.08200924879984087,0.09667113719970075,0.00937525680019462
621,0.05968690000008792,0.07628674160005175,0.006100150999736797
641,0.05008283500010293,0.06902315679999446,0.016245813599925895
661,0.03743608280001354,0.07059546439995756,0.009027432999937446
681,0.05717765600020357,0.046707493599933515,0.0023729116004687968
701,0.012800534199777757,0.022932519200185197,0.004155479400105832
721,0.03443325540010846,0.06004371180006274,0.003949841600115178
741,0.01708123180014809,0.02706760219989519,0.008613309000247682
761,0.04842607139980828,0.08476518459974614,0.012197060199832776
781,0.062197301800006245,0.07495392780001567,0.012884244399901944
801,0.049669111000184785,0.06063669579980342,0.013780370000313269
821,0.0702586262001205,0.13996281739982805,0.029284858200298913
841,0.08231578300001274,0.12743174899987936,0.008075067000208946
861,0.09816050080007699,0.14676681599994482,0.025116852599785487
881,0.07947669699988183,0.07883533559997886,0.017413851800120027
901,0.08330753480004205,0.14866387959991698,0.019840735200159543
921,0.0782564471999649,0.075544932000048,0.003498509800010652
941,0.03515748519985209,0.080385715200282,0.013369242200133158
961,0.04146607460043015,0.06974224040004628,0.0057902967999325485
981,0.10775489340012427,0.32883551380018616,0.02602100039985089
1001,0.09600170900012017,0.19007368620023044,0.008502723000310653
1021,0.1703208487999291,0.21861645440003485,0.021330561200193186
1041,0.08693204219998733,0.30260048279978946,0.009570670799985238
1061,0.1785377938000238,0.2989006919999156,0.03124585980003758
1081,0.1345637855996756,0.21757005259987636,0.02124479119993339
1101,0.21877734019999479,0.24763655020014994,0.030607567799961544
1121,0.13264346020005177,0.36346835880012807,0.018452989400066143
1141,0.06586666099992726,0.14924359760025255,0.01778239580016816
1161,0.13568930359997466,0.1728842785998495,0.020492483400084895
1181,0.08638845240020601,0.17812495580019458,0.02800823380021029
1201,0.08523948239999299,0.16393585180012452,0.010760672800279281
1221,0.05845764400000917,0.15623715080018882,0.01589144759982446
1241,0.07417185600006633,0.11742907000025297,0.008118337000087194
1261,0.050436915199679785,0.18374000519997935,0.023122564799996324
1281,0.11320706099995732,0.2828685657999813,0.028749706000053266
1301,0.1724389285998768,0.2735039949997372,0.03216369599995232
1321,0.146838777999983,0.15541892500023097,0.008696886999859998
1341,0.036856875000012224,0.09491574519979622,0.014244227999915893
1361,0.11040766299993265,0.15250750340001104,0.020455619000313164
1381,0.11428816039970116,0.14744842819982296,0.02390150299997913
1401,0.13442216539988294,0.30117783900004724,0.02517287860009674
1421,0.13402641379998387,0.1439732824001112,0.008085193000079016
1441,0.08315826679991005,0.1996662829998968,0.02677255439975852
1461,0.10113330620006308,0.21558416679981746,0.027314274399941496
1481,0.037334338800246766,0.20410221640013332,0.023281877000044915
1501,0.08649988840006699,0.1393256970000948,0.014711464200081537
1521,0.08621936640029162,0.28772807699988334,0.02054654319999827
1541,0.15189968539980328,0.4911047416000656,0.07419934380013729
1561,0.194450465799855,0.45081664100016494,0.026906720200349808
1581,0.192912014400099,0.4225972587999422,0.035043616999610096
1601,0.2551055253998129,0.26620417819976866,0.007274866799889423
1621,0.059837932000118596,0.22623435920013435,0.0191005075999783
1641,0.09998539040007018,0.1546515209998688,0.007307880799999111
1661,0.09909374060007395,0.12595252280007116,0.011734380399866495
1681,0.09230259139985719,0.17465931440001442,0.01690275200016913
1701,0.15786758279973584,0.22732792120004888,0.018004597400067723
1721,0.1094354070000918,0.257318177200068,0.01574429579995922
1741,0.2017930484002136,0.3690687359998265,0.030816127999969467
1761,0.17722762780013,0.25681322939981327,0.025686594400031026
1781,0.1626659599998675,0.26386263839995083,0.024107034400185513
1801,0.14320471040027768,0.341685249800139,0.02371933079975861
1821,0.16408370379995177,0.2512115640000047,0.029234709799857227
1841,0.1253323792001538,0.23748561760003212,0.012434882399975321
1861,0.07182224820007832,0.14472102839990839,0.012274036600319959
1881,0.16974285880005482,0.3306582451998111,0.024980048600082228
1901,0.11113222900021355,0.21364932700016653,0.024082250799619943
1921,0.10320397020004748,0.16755285340022966,0.021135496999704628
1941,0.1155881861996022,0.17482712460005131,0.007320566999987932
1961,0.11025238900001569,0.21433267100019293,0.014345490399864502
1981,0.08675584020002133,0.13828488340022888,0.012398268599827133
2001,0.10181578240008093,0.14147185080000782,0.021211800999844856
2021,0.15297947720009689,0.20811984379979548,0.0372520707996955
2041,0.24496710680014075,0.46609194080028826,0.020781435199933185
2061,0.24618823700002396,0.4970271885998955,0.02771133820024261
2081,0.24081942320008237,0.46973738060005416,0.07233451620013512
2101,0.4161962996000511,0.23702422399983333,0.04201111060010589
2121,0.3571317918002023,0.4021598113999062,0.02893218600002001
2141,0.28239441599998827,0.3282295196000632,0.008944882999821857
2161,0.09275234960023226,0.18331281680002576,0.01438926820010238
2181,0.2186229105998791,0.38107141260006755,0.02830302220008889
2201,0.163960121600212,0.5461086121997141,0.05983978799995384
2221,0.3956685944001947,0.6099618215997907,0.01176734039981966
2241,0.3588883712001916,0.49276061539985677,0.025936194000132674
2261,0.3504587345998516,0.5074668833998658,0.04277669220009557
2281,0.38554931779981416,0.4669639688001553,0.07072255800012499
2301,0.41206355019985497,0.7829502282000249,0.06368575940032314
2321,0.4056299789996046,0.9250481346001834,0.02720258439985628
2341,0.3969202600001154,0.8178214415998809,0.0383859287998348
2361,0.3886014191999493,0.7772190069999851,0.09372377539984882
2381,0.5166005840001162,0.6569412831999216,0.024445215000014286
2401,0.4853432624000561,0.723997701799999,0.05604697840008157
2421,0.49592963279992547,0.6958762895999826,0.05679417439987446
2441,0.5594218024001748,0.5906393199999002,0.023847328800002288
2461,0.4152002258000721,0.6507277801998498,0.05878717759987921
2481,0.7951177986002221,1.2397483441998702,0.070039834599811
