size,random,reversed,shuffled
1,4.867998359259218e-07,4.231995262671262e-07,4.095998883713037e-07
21,5.377280031098053e-05,7.050959990010596e-05,4.492836000281386e-05
41,0.00010788643980049529,8.111880073556677e-05,9.821599975111895e-05
61,0.000167497120128246,0.00014724520020536146,0.00015189792029559612
81,0.0018995913601247594,0.0001988212001742795,0.0002205570400110446
101,0.0003360662797058467,0.00025341207991004923,0.003231012879696209
121,0.0009794206799415405,0.0026758241196512245,0.00047783747999346815
141,0.0010669410400441848,0.002927221999707399,0.0009169731197471265
161,0.0033357116802653765,0.0004935067200858612,0.0026882390804530585
181,0.0008272939203015995,0.0031947485601995142,0.0005338715594552923
201,0.0036508912000863345,0.0005548462402657605,0.003791952040337492
221,0.003200297279836377,0.0020085985597688705,0.0024174960804521106
241,0.0012700102802773471,0.0009456519997911528,0.0016637006800738164
261,0.0034416239196434616,0.0008467116006067954,0.0008169870798883494
281,0.0031099840802198742,0.003210280040220823,0.0008634625999548006
301,0.001155755079962546,0.002919946880283533,0.003468037679995177
321,0.0015419990000373218,0.0031668776794685984,0.001300575439527165
341,0.0030779617199732457,0.002717085680051241,0.001145207039808156
361,0.0036113387202203738,0.0014361063201795332,0.00281977331978851
381,0.003168144919764018,0.0016711494403716643,0.0030119821598054842
401,0.003639656000159448,0.0013729475603031461,0.002484392919723177
421,0.004116026680276263,0.0011942554404959082,0.004333019960031379
441,0.006348384079901734,0.0012256223199074157,0.003066559240105562
461,0.003993257920374162,0.003367328440217534,0.0014819959197484422
481,0.003806836360017769,0.006592033839551732,0.003758145600295393
501,0.004158747920300811,0.00484209739981452,0.0034815911200712433
521,0.0037642777198925613,0.003780804840498604,0.00403329560009297
541,0.004526411079568788,0.0037869807599054182,0.003736028040148085
561,0.003970250239945017,0.003645697480387753,0.003909915159892989
581,0.0045645367198449095,0.0035359955597959927,0.0018225921598786954
601,0.00642224767972948,0.003571437959908508,0.0018964662397047505
621,0.006629944519954733,0.0037531228401348924,0.004658607799792662
641,0.004744037040218245,0.006662118119857041,0.004439555480057606
661,0.0048231885599670935,0.003747601600480266,0.004050780239631422
681,0.006621071760455379,0.003960584679734893,0.004067774719878799
701,0.0047286619199439885,0.004072246320429258,0.004127146640239516
721,0.004695057920034742,0.006311600839690072,0.004032969520339975
741,0.005203660720289918,0.0044311114800802895,0.007243800839787582
761,0.007679505600535776,0.004664392360282364,0.006743231280561304
781,0.004992427920369664,0.004271935560245766,0.006451959480036748
801,0.005289572200126713,0.004185091679828474,0.006881137599848443
821,0.005345845439442201,0.00646278819971485,0.004760084320005262
841,0.0074726780000492,0.004549831839831313,0.007343401680409443
861,0.00812716719985474,0.004976858320296742,0.006979110880638473
881,0.0077328851599304475,0.004422257999831345,0.005447119720192859
901,0.00731414355977904,0.006723743240145268,0.004999537359835813
921,0.007897349480190314,0.0066922864799562375,0.0047482222788676155
941,0.007921989440073957,0.007528043159836671,0.007829808839887846
961,0.008077801879844628,0.005124694640544476,0.006972711919661379
981,0.008047813159937505,0.004755987839744193,0.007331586440413957
1001,0.008362219439586625,0.004726184280007146,0.007556697159598116
1021,0.008065494759794092,0.008913634960044874,0.0068324217603367285
1041,0.008212569519819225,0.0078123908000998195,0.007563114279764705
1061,0.008483787599543576,0.006789012119697873,0.005492380640498595
1081,0.011126144000299973,0.005345960240229033,0.006932912760094041
1101,0.01133953003984061,0.007762696599966148,0.005469500679901103
1121,0.011728305160067976,0.0073288271599449215,0.007445812360092532
1141,0.008708960599760758,0.007427169880247675,0.007685286000487394
1161,0.008812295399839059,0.007913982760219368,0.008345044199668337
1181,0.011082771240035072,0.008773214240354718,0.007966275199723896
1201,0.011282803880167194,0.00789687632030109,0.007600036000367254
1221,0.009584823319892166,0.00768273991998285,0.008328235519729787
1241,0.011753881600307069,0.008070235119666903,0.010938526880199789
1261,0.011466548839525786,0.005638526559778256,0.008206111879408126
1281,0.011322557480161777,0.008022433239821112,0.008047554399527144
1301,0.01467409368007793,0.008192139120510547,0.00900576227970305
1321,0.01274968264013296,0.009884539799531921,0.009346180200082018
1341,0.011362696640135254,0.00881787751975935,0.010805991199886194
1361,0.013232984520000173,0.011405269079987193,0.010883376119891182
1381,0.012024948280013633,0.00848123824049253,0.008402732360555092
1401,0.011717081520182547,0.008022545199783054,0.011400775680376682
1421,0.011959252639790065,0.008898238600231707,0.011023752479959513
1441,0.011968188239989104,0.0084329126800003,0.008706451079779071
1461,0.01208573391995742,0.011283300680079265,0.011108487200108357
1481,0.014475581279839389,0.010271309760137229,0.00894288216062705
1501,0.01496935952003696,0.008797557399957441,0.010830689280119259
1521,0.0157477858402126,0.00898055975951138,0.012092450720228954
1541,0.015273543080256786,0.008793236519850325,0.011153211159835337
1561,0.01294735704010236,0.011577535480610095,0.011649797040154225
1581,0.015775099079910433,0.011283836719376267,0.009042788280057721
1601,0.014972134679701411,0.009078238439833512,0.011184383639483713
1621,0.016506598919804674,0.009006741040066117,0.014453873639868107
1641,0.013420698839909165,0.010860901959968033,0.011483786799944938
1661,0.012766694240417565,0.012061852680053562,0.010753409999888391
1681,0.017366797359718477,0.01087061916012317,0.009233031359617599
1701,0.015260037999978522,0.008951353000011295,0.015067606719821925
1721,0.015869091520289657,0.012301679000229342,0.0115867283604166
1741,0.015740804999950342,0.009319272920110961,0.014547774319944438
1761,0.016815807200182463,0.011837885040440596,0.012601468200300588
1781,0.018233956039766783,0.011957587120123207,0.013177053200488445
1801,0.01951925180022954,0.012883138280158165,0.014584172800678061
1821,0.016596664959797634,0.011982774640346179,0.014806148359784856
1841,0.018441945239610503,0.014232353599800263,0.012207054759928724
1861,0.015563070279895327,0.01250841148008476,0.011113494400196941
1881,0.019755385400058004,0.01338688304007519,0.012169545119977556
1901,0.018626917520014104,0.01209522792007192,0.011994495840190212
1921,0.018108954800409263,0.0150051811200683,0.013068207839678507
1941,0.01799845971967443,0.012175156640587374,0.017830051200435265
1961,0.020228429400012828,0.012871380199794658,0.015342612680688034
1981,0.019463205879728777,0.012977546599868219,0.016215075320360484
2001,0.020124861800140934,0.014466351999290054,0.01392612492054468
2021,0.019487160320131806,0.014648875440325355,0.017126260719523997
2041,0.0194624974403996,0.012877851280209143,0.015280405879748287
2061,0.02256701476042508,0.012909351079870249,0.015865963159885723
2081,0.01974498024006607,0.012393102319765602,0.014925055199855706
2101,0.020477279080223523,0.016018793440307492,0.013230677800020203
2121,0.017743318960128818,0.014680497919471236,0.01650615983933676
2141,0.02101523220015224,0.014306443240056978,0.013485985320148757
2161,0.022090041279734577,0.016871501799905674,0.01615161372028524
2181,0.020673355360195274,0.015611136759980581,0.015887742680351948
2201,0.02459886560012819,0.01851726439985214,0.016744482559734025
2221,0.02271980799981975,0.013747681640088558,0.018536717999959363
2241,0.021726563520205674,0.014852671639528126,0.01748337887984235
2261,0.02365108260011766,0.014675073240068741,0.018942992760421475
2281,0.020475928199884946,0.01539643240015721,0.016815200120036025
2301,0.024762420120241588,0.01473109079975984,0.013593283719674219
2321,0.021968984400009505,0.016741508519626223,0.01874803516009706
2341,0.022798691879725084,0.016168963400268695,0.016450241040147376
2361,0.027686021320696454,0.016281058639724507,0.01636636819996056
2381,0.02369422576026409,0.016825576560077025,0.019183481479849433
2401,0.023778628159925576,0.016645832560170673,0.02008238579990575
2421,0.042569990920164856,0.017031214159942465,0.019572248640033648
2441,0.023056423039961374,0.017261546040244866,0.020198683840280864
2461,0.02470272376012872,0.018277304279909003,0.01906246711994754
2481,0.02595130316010909,0.017541031679866138,0.017274770040094155
2501,0.027575118280074095,0.019248444760305575,0.01833681951990002
2521,0.026655462680209893,0.018965119079948637,0.021700164039648372
2541,0.026585802320041693,0.01763713699998334,0.019158539479831233
2561,0.026989189919986528,0.0172312901999976,0.01979856811929494
2581,0.026424203520000446,0.020415668639907382,0.019633671079791384
2601,0.025688304800132754,0.01861130128003424,0.02320544739952311
2621,0.024840918160043655,0.016586355840117903,0.01861680032030563
2641,0.028421485199942254,0.020233359000558268,0.019722627919836668
2661,0.02708809419971658,0.022155256039986852,0.019531148399983066
2681,0.027420809919858583,0.018642111999652114,0.019833854240132495
2701,0.026302555240108633,0.018702949160215213,0.019929373000341002
2721,0.030668737559753936,0.017354493719612948,0.01941602912018425
2741,0.02787653488034266,0.024222381479194154,0.021018022880452916
2761,0.026112679920333903,0.017590620479604694,0.022970099080266662
2781,0.028400923759763826,0.020411479800532106,0.018799958439922194
2801,0.031088417319842847,0.019671665000205393,0.020858437360147947
2821,0.030693926239764552,0.02127119732045685,0.020785088039701805
2841,0.028935981359682048,0.02264906468015397,0.020719417320360662
2861,0.026410135039768648,0.01982873744040262,0.026768195160257163
2881,0.0290298528400308,0.02148764327997924,0.02150307956020697
2901,0.03176219887973275,0.022409539240325103,0.026562833599891745
2921,0.03149046371967415,0.019929897879628698,0.02270107071963139
2941,0.036001748439884976,0.020415178119583287,0.02108578736006166
2961,0.031546429920126684,0.022558372000348756,0.021522448399337007
2981,0.028062389400147367,0.026601998719997938,0.02095511371968314
3001,0.03069787987973541,0.022007979639893163,0.023722855759988306
3021,0.031470580599998355,0.02049115707995952,0.02717872423978406
3041,0.03248823204034124,0.021140732679341454,0.022826618359686107
3061,0.035652534840337466,0.024240990280522966,0.02283495012030471
3081,0.03670124276031857,0.022995855559856865,0.021369788160081952
3101,0.03609993239981122,0.02012839540024288,0.02248587147987564
3121,0.031283742920204534,0.02415972696020617,0.023257280720426935
3141,0.03342220647973591,0.023916043799981707,0.02324532515980536
3161,0.03224163776030764,0.02338005944053293,0.024302708079776494
3181,0.031360020959400575,0.025018222840153613,0.031044092680240283
3201,0.04961159659971599,0.027745956919825402,0.029662707959942053
3221,0.03484956068030442,0.02506273563965806,0.023852670959895475
3241,0.02900149284003419,0.027650569399556842,0.02815582092036493
3261,0.03280595479998737,0.026187167639873225,0.02625182912015589
3281,0.033077562039834446,0.02386964707999141,0.024561394839693093
3301,0.03415234068001155,0.02522087804012699,0.02693488980017719
3321,0.03296296327986056,0.026153373639826897,0.029768793159310008
3341,0.03562433540035272,0.02548103571985848,0.030267030599643478
3361,0.03605436564001138,0.02817709848008235,0.03105782220052788
3381,0.036467001639684894,0.02664817947996198,0.025819439120095922
3401,0.03371850683994126,0.02504356136007118,0.02721161748020677
3421,0.035496936959971206,0.024872076159517746,0.027284317800222196
3441,0.033123243560112314,0.024147512479685246,0.02726238335992093
3461,0.03214563372021075,0.02457141456005047,0.02761043783990317
3481,0.03641526887993678,0.026489904720219785,0.02849103723972803
3501,0.03683009555970784,0.027085603760060622,0.02735351792012807
3521,0.036104165720025776,0.027925855279900134,0.0276446065599157
3541,0.033283345119562,0.026847971840034006,0.028066383399564073
3561,0.03555435855974792,0.024711567040067165,0.02780794648002484
3581,0.03634581843973137,0.026948869920161087,0.029926551160315285
3601,0.03650580752000678,0.028784150120045524,0.025207825679535743
3621,0.03627043479966233,0.03525310548051493,0.02772057563983253
3641,0.03817901063986937,0.029804616839974186,0.024807419359858612
3661,0.035919404040032535,0.024991761000128464,0.026329716400068717
3681,0.036753137599880574,0.027022189080307724,0.024734680960100376
3701,0.038385244239616444,0.025428415960195707,0.03065144272055477
3721,0.04004258843953721,0.02450587176004774,0.02479033376046573
3741,0.04413020200023311,0.02785168143978808,0.026821157880767714
3761,0.04102324311985285,0.02334901736001484,0.02798659127991414
3781,0.04293445531962789,0.02489581680012634,0.027879980559664546
3801,0.037789021879725625,0.027071288639272096,0.03290325887952349
3821,0.046014838559640336,0.025390248040057486,0.031997890919883504
3841,0.039452884959900986,0.02777245843972196,0.032163531160331334
3861,0.039758333639911145,0.028494509000593096,0.0315855166001711
3881,0.03978180852020159,0.03908100447966717,0.03192458408040693
3901,0.04137120227984269,0.031017520239547593,0.028620769199624193
3921,0.0446256079201703,0.026782555960380705,0.029093274479964747
3941,0.043838424879941155,0.027750182959571247,0.031687239359889645
3961,0.0409249024001474,0.028444557760085445,0.035086194960167634
3981,0.04091416663985001,0.0587953616399318,0.04878466783979093
4001,0.04380293028050801,0.027087504760274897,0.02841069056012202
4021,0.043828367920068556,0.028064430119702593,0.034965993839578005
4041,0.04047111351988861,0.02750925868022023,0.03199275976032368
4061,0.040088277199538426,0.0285160009599349,0.031461601799965135
4081,0.04115597352007171,0.03177468524067081,0.03119676147995051
4101,0.043969616439717356,0.029360148800187745,0.031000230680365348
4121,0.04661896688048728,0.028059044960100435,0.029141952919890173
4141,0.047535016400070164,0.028471973760024413,0.03474663856002735
4161,0.040753442760033065,0.028632219159480884,0.03515491383979679
4181,0.039940868799894814,0.03278460723988246,0.034009631160006396
4201,0.04478802583966171,0.03105521904013585,0.03216529008015641
4221,0.048483661159843906,0.028920803999935744,0.03542102059989702
4241,0.04375026843990781,0.027499476119992323,0.03281026079988805
4261,0.04251529539993498,0.029910177159908926,0.03454927503989893
4281,0.045340565879596395,0.03435791500029154,0.03228775831958046
4301,0.05205783320008777,0.03163454584035207,0.032690217239724005
4321,0.05138398483992205,0.031425487800152044,0.036364849880192195
4341,0.04457867959979921,0.03540565248011262,0.03623392260022228
4361,0.047207325359922836,0.03140287496004021,0.03384485243965173
4381,0.049610480719566113,0.029430757200316293,0.039015005439869126
4401,0.044634235520061336,0.03427285940022557,0.03381738428011886
4421,0.04450628396007232,0.03601190123954438,0.03269782731993473
4441,0.047560030479944546,0.031236307039798704,0.03308498723956291
4461,0.048889133160409985,0.030618630280077924,0.03944344927964266
4481,0.043840043640084335,0.03548862419993384,0.03221410924001247
4501,0.05269788464021986,0.034677136639802486,0.03354979120020289
4521,0.05190974147990346,0.032538166920130604,0.03914950943988515
4541,0.04638203708018409,0.0363582276001398,0.03631530163969728
4561,0.05279273380030645,0.03182267536030849,0.03496621215977939
4581,0.051856759399815926,0.0330891707201954,0.040616647679853485
4601,0.04965522940052324,0.03783169039947097,0.03498141068062978
4621,0.054856902440515116,0.03252276611936395,0.03574120196004515
4641,0.0448277754796436,0.03908903131945408,0.03250846128023113
4661,0.04747938647982664,0.036596290440065786,0.03562468684016494
4681,0.05454269119974924,0.03301356636031414,0.041277085519686806
4701,0.049820674559596226,0.03670191807977972,0.03612950931972591
4721,0.0560669066401897,0.0321621624394902,0.039575801160244735
4741,0.05111760079991654,0.04037628232021234,0.038327374200016494
4761,0.05636278588033747,0.03759793912089662,0.03956423764000647
4781,0.051995844719640444,0.038959624479612105,0.03519667944055982
4801,0.056750354319956384,0.03515416451962665,0.03754243712028256
4821,0.052176696319656914,0.030318241039931308,0.03578333699988434
4841,0.04636301372011076,0.03826792716005002,0.035919167719839606
4861,0.05145969203993445,0.035359288999898125,0.0378221971601306
4881,0.08614703620012733,0.040603615199797785,0.03581331731984392
4901,0.05623082903985051,0.03610609780051163,0.04314037968011689
4921,0.055940620040055365,0.03621219171967823,0.03594501051979023
4941,0.0539770888799103,0.03461861099975067,0.042032430319959534
4961,0.05339617144010845,0.03824109987966949,0.033602251120028084
4981,0.05387614623978152,0.036389453720184976,0.03736944984004367
5001,0.05039523655970697,0.04026441559995874,0.03932759656017879